0.0
5.714285843471925e-6
0.004023571428689377
0.00804142857156332
0.012059285714429326
0.016077142857274757
0.020095000000123504
0.024115375424803978
0.02895404754858013
0.03457439885124353
0.04118286063262612
0.04886635452769929
0.05801462392610088
0.06959708680920312
0.086532743541891
0.10822682433955641
0.14186681573855248
0.1805090676780192
0.22473261154750548
0.26738248315875973
0.3084455924313074
0.34807282532277145
0.3867205468598754
0.4245086631068462
0.46179868051576656
0.49887110691746667
0.5357316222041004
0.5722546845810964
0.6084085010170862
0.6442763403950394
0.6799952242002334
0.7155580875034901
0.7509407880721182
0.786126334270494
0.8211163884520021
0.8560040292365804
0.8907905974443951
0.9254594982717959
0.9600064719314948
0.9944164232195026
1.0287241365481423
1.063004206566741
1.0972453265526758
1.1314327411698475
1.165611458060899
1.1998239054077284
1.234051459382474
1.2682841392571622
1.3024860710444284
1.3366791993236284
1.3708480775689502
1.405028365886616
1.439341270653631
1.473784490356404
1.5083193886806752
1.5428715072699044
1.5775433062894426
1.6121560143341933
1.6467579770812673
1.681266549676305
1.7158119026052603
1.7503753206250192
1.7849372255502642
1.8195286252369345
1.854153315410066
1.8889672001292215
1.9240268312014857
1.9593545647431867
1.994951924556584
2.030826855346335
2.066853183695621
2.1029812097606877
2.139296972327054
2.1756621383702135
2.2120875211029647
2.2487146432497678
2.285341765396432
2.321968887543186
2.3586121020819824
2.3952574550521994
2.4318962298809406
2.468520567160389
2.5053897184558047
2.543694657528945
2.5843276669255215
2.625729349898307
2.66570201065209
2.7037300064196335
2.7412291545150107
2.7785791340881083
2.8158710361637698
2.8530676561522466
2.8903309038662046
2.9274862571892077
2.964561024048986
3.0014965534790417
3.0383765889003334
3.0752372605448146
3.11194191187925
3.1485733991039804
3.1851838610029244
3.221730581208241
3.2581580934354077
3.294488488604484
3.3307261646017365
3.3668972194059896
3.40306827420971
3.4391442981145035
3.475045321975786
3.510883817965359
3.5467071781102537
3.5824272271418303
3.61810641861798
3.653885798498837
3.690009006630449
3.7267388486145108
3.7644002337249076
3.8039658042739926
3.852147014166353
3.950936389195604
3.990534159992291
4.029176706360802
4.066775467652924
4.1040751608042365
4.140885279353642
4.177478755905644
4.213930597772022
4.250339668426667
4.286666791006976
4.322982299572834
4.359265060248376
4.395522152808708
4.431752837852239
4.467928802762393
4.504089735561987
4.540176134186576
4.5762189833176565
4.612259102806587
4.648200840748361
4.684072295982489
4.719939193216462
4.7557981680645085
4.791618619140392
4.827452365215688
4.863286111291345
4.899084273434768
4.934794940692646
4.970460313843706
5.00607836099566
5.041696408147223
5.077314455299018
5.112924982586633
5.1484995861559595
5.18406465762822
5.219592621821146
5.2551014875047946
5.290611922998001
5.326122358491519
5.361610041609959
5.397015263004955
5.432397754541621
5.467770331696464
5.503133111734096
5.538476436263911
5.5738011158904905
5.609083281978898
5.64435679465739
5.679596297837316
5.714822874892925
5.7500293152233874
5.785235755553632
5.820441921149112
5.855639305423759
5.8908366896978945
5.925986673661227
5.961121477461779
5.996244876610333
6.0313496527791335
6.06642720045915
6.1014865563968765
6.136540729074484
6.171567368246273
6.206590406351584
6.241607606448408
6.276624806545889
6.311642006643331
6.346659108947315
6.381674211711996
6.416689314476707
6.451680647454649
6.486640599749493
6.521596147572538
6.556546452038792
6.5914858790398485
6.626425306040752
6.6613487416003725
6.696263755636705
6.731170325432915
6.7660765276355725
6.8009644972584615
