0.0
0.00999999994217036
4.871111111062156
9.732222222164006
14.59333333327477
19.45444444438955
24.31555555550228
29.176666666622825
34.03777777772094
38.898888888838286
43.74534236654305
48.14360912556634
51.599076277766606
54.18913983080801
56.139885664712956
57.62119974816517
58.75172919641939
59.59421618696082
60.20747548744766
60.62965472150604
60.8868191051744
60.96667812489947
60.97673077586812
60.89951659217219
60.736236469664014
60.53457158620608
60.30976624021698
60.0794015702734
59.84205604499748
59.602166149752385
59.359849479309965
59.114687156249126
58.868339393121076
58.621135278246854
58.37493716463694
58.12574832660906
57.87361489146044
57.61977079285094
57.36446385015404
57.10672046031153
